 129 161 157 160 157 154 159 153 156 149 158 150 153 152 150 146
 158 173 173 171 170 165  97  99  98 113 167 166 165 165 163 158
 141 169 167 168 166 158  65 129 131  61 164 163 163 162 160 158
 148 158 156 155 157 148  71 118  81  40  69  72  72 144 159 156
 135 102  56  81  73  78 100 147 132 156 150 126  83 121 157 153
 143 100 126 163 160 163 162 160 160 157 148  56  91 124 152 148
 134  99 121 156 155 156 155 153 154 152 153 147  85 119 147 141
 136 100  54  61  54  46  65  59  61 130 148 143  80 115 145 140
 136 156 155 152  79  51  99  98 100  49  57  64  59 119 141 137
 133 155 154 149  54  58  29 100  39  74 129  45 101 128 137 132
 130 153 151 147 102  43  71 124  60  69 131  45  57  44 114 129
 125 150 148  94  40  53  87 128  54 135 137 137 127  60 113 127
 126 147 146  86  95  65  33  90  50  91 103 100  90  96 134 129
 118 144 143  97  54  46  65  86  42  89  47  71 104 136 134 126
 120 143 142 141 141 138 137 128  45  55  42 119 132 131 129 120
 101 128 126 129 122 122 124 121 119 119 116 117 119 115 115 111
 107 133 128 132 130 129 132 126 128 123 131 125 129 127 126 125
 129 141 141 140 139 135  74  76  76  90 137 137 136 137 135 132
 116 138 135 136 134 128  47 104 107  46 135 134 134 134 133 131
 122 128 125 124 127 121  53  91  61  28  53  54  54 117 132 129
 108  79  41  61  56  59  78 119 106 128 125 102  66  99 130 126
 117  77 100 132 129 132 131 130 129 127 121  40  73  99 126 123
 108  78  98 126 124 126 125 124 124 123 124 121  69  96 122 118
 112  78  40  43  40  34  49  44  44 102 121 116  63  94 119 116
 109 126 125 123  60  37  77  74  80  37  41  48  44  97 117 113
 107 125 124 121  39  43  21  78  28  57 106  34  81 105 113 109
 105 124 123 119  81  30  56  98  44  50 106  33  44  32  93 107
 101 122 121  73  28  40  68 104  39 110 112 112 103  46  93 105
 103 120 118  67  76  51  24  71  37  71  83  80  72  76 111 107
  94 117 117  77  42  34  50  68  32  71  36  55  83 112 110 104
  98 117 116 115 116 112 112 106  34  42  32  97 109 108 107 100
  83 105 103 106 100 100 102  99  98  98  96  98  99  97  96  94
 119 150 142 149 143 144 146 139 144 134 147 137 142 140 138 138
 142 157 156 154 153 149  84  83  84  98 151 151 152 151 148 144
 125 153 151 150 147 142  53 116 120  50 149 149 149 148 146 143
 134 142 140 138 140 134  57 103  68  33  57  60  59 127 145 142
 119  90  46  69  61  65  85 133 117 142 138 112  76 108 143 139
 130  86 111 147 142 147 145 144 143 140 136  42  83 110 140 135
 118  88 109 140 137 140 139 139 138 137 139 135  77 104 135 130
 123  89  44  50  45  39  54  48  47 112 133 129  73 101 132 128
 120 141 139 137  69  42  87  83  90  43  47  55  49 104 129 125
 118 140 138 135  44  47  22  86  31  63 120  36  91 115 125 122
 117 139 137 134  92  33  62 110  48  55 119  37  49  36 101 119
 111 136 135  83  32  42  74 114  44 123 125 124 116  53 100 117
 114 133 133  76  82  55  26  77  41  80  93  90  81  83 122 118
 105 131 130  86  45  37  55  74  34  77  40  58  91 124 121 116
 109 130 130 128 128 124 125 118  36  46  34 107 121 120 119 111
  91 118 117 118 113 112 115 109 111 108 108 108 111 106 108 105

 146 158 158 156 153 148 141 140 137 132 129 127 129 126 120 111
 150 163 160 159 157 152 147 145 141 137 114 113 134 134 129 115
 152 165 162 144 121 124 119 115 119 128  44  60  96 136 131 115
 153 165 163  72  83  91  85  80  59 101  57 127  90 104 132 119
 150 166 163  72 126  56 147 143  64  45  45 137 100  71 119 117
 158 167 164  69 150 148 153 148  57 129 131 137 103  47  42 116
 149 113  61  40 156 157 152 130  49  74  69 135  91  89  55 119
 156  98 131  81 132 160 154  61 100  39  60  54  50  42  45 119
 153  99 129 118 147 160 153  59  98 100 124 128  90  86 128 121
 159  97  65  71 100 162 155  65  99  29  71  87  33  65 137 124
 154 165 158 148  78 163 156  46  51  58  43  53  65  46 138 122
 157 170 166 157  73 160 155  54  79  54 102  40  95  54 141 122
 160 171 168 155  81 163 156  61 152 149 147  94  86  97 141 129
 157 173 167 156  56 126 121  54 155 154 151 148 146 143 142 126
 161 173 169 158 102 100  99 100 156 155 153 150 147 144 143 128
 129 158 141 148 135 143 134 136 136 133 130 125 126 118 120 101
 125 132 131 129 126 123 118 116 113 109 107 105 107 104 100  94
 126 135 133 132 130 126 122 119 117 113  93  93 111 110 107  96
 127 137 134 117  99  99  96  94  97 105  32  46  76 112 108  97
 129 136 134  54  66  73  69  63  44  81  44 103  72  83 109  99
 125 137 134  54 102  40 121 116  48  34  33 112  80  55  97  98
 131 137 135  53 125 121 124 121  41 106 106 112  83  36  32  96
 123  90  46  28 128 127 123 102  37  57  50 110  71  71  42  98
 128  76 107  61 106 129 124  44  80  28  44  39  37  32  34  98
 126  76 104  91 119 130 124  44  74  78  98 104  71  68 106  99
 132  74  47  53  78 131 125  49  77  21  56  68  24  50 112 102
 129 135 128 121  59 132 126  34  37  43  30  40  51  34 112 100
 130 139 134 127  56 129 124  40  60  39  81  28  76  42 116 100
 132 140 136 124  61 132 126  43 123 121 119  73  67  77 115 106
 128 141 135 125  41 100  98  40 125 124 123 121 118 117 116 103
 133 141 138 128  79  77  78  78 126 125 124 122 120 117 117 105
 107 129 116 122 108 117 108 112 109 107 105 101 103  94  98  83
 138 144 143 142 139 135 130 128 125 122 119 117 118 116 111 105
 138 148 146 145 143 140 135 132 129 125 101 100 122 121 119 108
 140 151 148 127 108 110 104 101 104 115  36  53  83 124 120 106
 142 152 149  59  76  83  77  73  49  91  49 116  81  91 121 111
 137 151 149  60 112  42 135 129  55  36  37 124  90  58 107 108
 147 151 149  57 138 136 139 133  47 120 119 125  93  40  34 108
 134  98  50  33 142 140 137 112  43  63  55 123  80  77  46 108
 144  84 120  68 117 143 138  47  90  31  48  44  41  34  36 111
 139  83 116 103 133 144 139  48  83  86 110 114  77  74 118 109
 146  84  53  57  85 145 139  54  87  22  62  74  26  55 125 115
 144 149 142 134  65 147 140  39  42  47  33  42  55  37 124 112
 143 153 147 140  61 142 137  45  69  44  92  32  82  45 128 113
 149 154 150 138  69 147 140  50 137 135 134  83  76  86 128 118
 142 156 151 140  46 111 109  44 139 138 137 135 133 130 130 117
 150 157 153 142  90  86  88  89 141 140 139 136 133 131 130 118
 119 142 125 134 119 130 118 123 120 118 117 111 114 105 109  91

 111 115 115 119 117 116 119 119 121 124 122 122 129 126 128 101
 120 129 131 132 119  42  55  45 128 137 138 141 141 142 143 120
 126 134 136 104  71  47  89  42  86  65  46  54  97 143 144 118
 129 134  96  90 100 103  91  50  90  33  65  95  86 146 147 126
 127 113  60 127 137 137 135  54 128  87  53  40  94 148 150 125
 129 114  44  57  45 131  69  60 124  71  43 102 147 151 153 130
 132 137 128 101  45 129  74  39 100  29  58  54 149 154 155 133
 137 141 119  59  64  57  49 100  98  99  51  79 152 155 156 136
 140 145 115  80 143 148 130  61  59  65  46  54  61  54 100 136
 141 147 119  85 147 153 152 154 153 155 156 155 156 121  99 134
 148 152 124  91  56 148 157 160 160 162 163 160 163 126 100 143
 153 157 121  83 126 150 156 132 147 100  78  73  81  56 102 135
 156 159 144  72  72  69  40  81 118  71 148 157 155 156 158 148
 158 160 162 163 163 164  61 131 129  65 158 166 168 167 169 141
 158 163 165 165 166 167 113  98  99  97 165 170 171 173 173 158
 146 150 152 153 150 158 149 156 153 159 154 157 160 157 161 129
  94  96  97  99  98  96  98  98  99 102 100 100 106 103 105  83
 100 107 108 109  97  32  42  34 106 112 112 116 115 116 117  98
 104 110 112  83  55  36  71  32  68  50  34  42  77 117 117  94
 107 111  76  72  80  83  71  37  71  24  51  76  67 118 120 103
 105  93  46 103 112 112 110  39 104  68  40  28  73 121 122 101
 107  93  32  44  33 106  50  44  98  56  30  81 119 123 124 105
 109 113 105  81  34 106  57  28  78  21  43  39 121 124 125 107
 113 117  97  44  48  41  37  80  74  77  37  60 123 125 126 109
 116 119  94  63 116 121 102  44  44  49  34  40  43  40  78 112
 118 122  96  69 121 124 123 124 124 125 126 124 126  98  78 108
 123 126  99  73  40 121 127 129 130 131 132 129 132 100  77 117
 126 130  99  66 102 125 128 106 119  78  59  56  61  41  79 108
 129 132 117  54  54  53  28  61  91  53 121 127 124 125 128 122
 131 133 134 134 134 135  46 107 104  47 128 134 136 135 138 116
 132 135 137 136 137 137  90  76  76  74 135 139 140 141 141 129
 125 126 127 129 125 131 123 128 126 132 129 130 132 128 133 107
 105 108 106 111 108 108 108 111 109 115 112 113 118 117 118  91
 111 119 120 121 107  34  46  36 118 125 124 128 128 130 130 109
 116 121 124  91  58  40  77  34  74  55  37  45  86 130 131 105
 118 122  83  81  90  93  80  41  77  26  55  82  76 133 133 114
 117 100  53 116 124 125 123  44 114  74  42  32  83 135 136 111
 119 101  36  49  37 119  55  48 110  62  33  92 134 137 139 117
 122 125 115  91  36 120  63  31  86  22  47  44 135 138 140 118
 125 129 104  49  55  47  43  90  83  87  42  69 137 139 141 120
 128 132 101  73 129 133 112  47  48  54  39  45  50  44  89 123
 130 135 104  77 135 139 137 138 139 139 140 137 140 109  88 118
 135 140 110  83  42 136 140 143 144 145 147 142 147 111  86 130
 139 143 108  76 112 138 142 117 133  85  65  61  69  46  90 119
 142 145 127  59  60  57  33  68 103  57 134 140 138 140 142 134
 143 146 148 149 149 149  50 120 116  53 142 147 150 151 153 125
 144 148 151 152 151 151  98  84  83  84 149 153 154 156 157 142
 138 138 140 142 137 147 134 144 139 146 144 143 149 142 150 119

 101 120 118 126 125 130 133 136 136 134 143 135 148 141 158 129
 128 143 144 147 150 153 155 156 100  99 100 102 158 169 173 161
 126 142 143 146 148 151 154 155  54 121 126  56 156 167 173 157
 129 141  97  86  94 147 149 152  61 156 163  81 155 168 171 160
 122 141  54  95  40 102  54  79  54 155 160  73 157 166 170 157
 122 138  46  65  53  43  58  51  46 156 163  78 148 158 165 154
 124 137  65  33  87  71  29  99  65 155 162 100  71  65  97 159
 121 128  86  90 128 124 100  98  59 153 160 147 118 129  99 153
 119  45  42  50  54  60  39 100  61 154 160 132  81 131  98 156
 119  55  89  91 135  69  74  49 130 152 157 156  40  61 113 149
 116  42  47 103 137 131 129  57 148 153 148 150  69 164 167 158
 117 119  71 100 137  45  45  64 143 147  56 126  72 163 166 150
 119 132 104  90 127  57 101  59  80  85  91  83  72 163 165 153
 115 131 136  96  60  44 128 119 115 119 124 121 144 162 165 152
 115 129 134 134 113 114 137 141 145 147 152 157 159 160 163 150
 111 120 126 129 127 129 132 137 140 141 148 153 156 158 158 146
  83  98  94 103 101 105 107 109 112 108 117 108 122 116 129 107
 105 117 117 120 122 124 125 126  78  78  77  79 128 138 141 133
 103 116 117 118 121 123 124 125  40  98 100  41 125 135 141 128
 106 115  77  67  73 119 121 123  43 126 132  61 124 136 140 132
 100 116  42  76  28  81  39  60  40 124 129  56 127 134 139 130
 100 112  34  51  40  30  43  37  34 126 132  59 121 128 135 129
 102 112  50  24  68  56  21  77  49 125 131  78  53  47  74 132
  99 106  68  71 104  98  78  74  44 124 130 119  91 104  76 126
  98  34  32  37  39  44  28  80  44 124 129 106  61 107  76 128
  98  42  71  71 110  50  57  37 102 123 127 128  28  46  90 123
  96  32  36  83 112 106 106  41 121 124 121 125  53 135 137 131
  98  97  55  80 112  33  34  48 116 121  40 102  54 134 137 125
  99 109  83  72 103  44  81  44  63  69  73  66  54 134 136 129
  97 108 112  76  46  32 105  97  94  96  99  99 117 134 137 127
  96 107 110 111  93  93 113 117 119 122 126 130 132 133 135 126
  94 100 104 107 105 107 109 113 116 118 123 126 129 131 132 125
  91 109 105 114 111 117 118 120 123 118 130 119 134 125 142 119
 118 130 131 133 136 139 140 141  89  88  86  90 142 153 157 150
 117 130 130 133 135 137 138 139  44 109 111  46 140 151 156 142
 118 128  86  76  83 134 135 137  50 140 147  69 138 150 154 149
 113 128  45  82  32  92  44  69  45 137 142  61 140 147 153 143
 112 124  37  55  42  33  47  42  39 140 147  65 134 142 149 144
 115 125  55  26  74  62  22  87  54 139 145  85  57  53  84 146
 109 118  74  77 114 110  86  83  48 139 144 133 103 116  83 139
 111  36  34  41  44  48  31  90  47 138 143 117  68 120  84 144
 108  46  77  80 123  55  63  43 112 137 140 142  33  50  98 134
 108  34  40  93 125 119 120  47 133 139 136 138  57 149 151 147
 108 107  58  90 124  37  36  55 129 135  42 112  60 149 151 137
 111 121  91  81 116  49  91  49  73  77  83  76  59 149 152 142
 106 120 124  83  53  36 115 104 101 104 110 108 127 148 151 140
 108 119 121 122 100 101 125 129 132 135 140 143 145 146 148 138
 105 111 116 118 117 119 122 125 128 130 135 139 142 143 144 138

